8 0.7845117845117845 0.731904761904762 0.039057239057239054 0.05523809523809524 
1 0.7767676767676768 0.5290476190476191 0.03771043771043771 0.05333333333333334 
1 0.6718855218855219 0.8245238095238095 0.2191919191919192 0.31 
5 0.40723905723905723 0.444047619047619 0.13636363636363635 0.19285714285714287 
4 0.8983164983164983 0.5176190476190476 0.15016835016835017 0.2123809523809524 
9 0.8939393939393939 0.34714285714285714 0.15757575757575756 0.22285714285714286 
6 0.36683501683501685 0.6397619047619048 0.21245791245791246 0.30047619047619045 
10 0.3531986531986532 0.8528571428571429 0.18383838383838383 0.26 
5 0.16447811447811447 0.6221428571428571 0.03737373737373737 0.05285714285714286 
0 0.5464646464646464 0.6452380952380953 0.2558922558922559 0.3619047619047619 
