9 0.7898989898989899 0.5142857142857142 0.24175084175084174 0.3419047619047619 
3 0.561952861952862 0.7871428571428571 0.18316498316498317 0.259047619047619 
8 0.7318181818181818 0.8073809523809524 0.07171717171717172 0.10142857142857142 
2 0.4006734006734007 0.49476190476190474 0.04377104377104377 0.06190476190476191 
9 0.8345117845117845 0.7602380952380953 0.25622895622895625 0.36238095238095236 
5 0.5937710437710437 0.49023809523809525 0.09057239057239057 0.1280952380952381 
8 0.8675084175084176 0.3388095238095238 0.034006734006734006 0.048095238095238094 
2 0.6656565656565656 0.7057142857142857 0.1414141414141414 0.2 
8 0.3242424242424242 0.6957142857142857 0.2047138047138047 0.2895238095238095 
10 0.3528619528619529 0.508095238095238 0.07272727272727272 0.10285714285714286 
