9 0.7026936026936027 0.5866666666666667 0.1892255892255892 0.26761904761904765 
10 0.5198653198653199 0.5395238095238095 0.2518518518518518 0.35619047619047617 
6 0.27154882154882154 0.7897619047619048 0.0696969696969697 0.09857142857142857 
6 0.4569023569023569 0.7666666666666667 0.20202020202020202 0.2857142857142857 
10 0.37727272727272726 0.46976190476190477 0.08383838383838384 0.11857142857142858 
10 0.335016835016835 0.8866666666666667 0.06397306397306397 0.09047619047619047 
5 0.8163299663299664 0.7283333333333334 0.20909090909090908 0.2957142857142857 
9 0.21784511784511784 0.8080952380952381 0.08686868686868687 0.12285714285714286 
2 0.6375420875420875 0.775952380952381 0.1 0.14142857142857143 
6 0.7131313131313132 0.6842857142857143 0.04713804713804714 0.06666666666666667 
