5 0.5203703703703704 0.5469047619047619 0.2548821548821549 0.36047619047619045 
3 0.7191919191919192 0.2776190476190476 0.06666666666666667 0.09428571428571429 
5 0.9037037037037037 0.47333333333333333 0.09831649831649832 0.13904761904761906 
7 0.5491582491582492 0.26761904761904765 0.1259259259259259 0.17809523809523808 
0 0.7188552188552189 0.43333333333333335 0.1468013468013468 0.20761904761904762 
9 0.381986531986532 0.40595238095238095 0.18821548821548822 0.2661904761904762 
6 0.3930976430976431 0.7026190476190476 0.1632996632996633 0.23095238095238096 
2 0.5643097643097643 0.8085714285714286 0.09494949494949495 0.13428571428571429 
8 0.8079124579124579 0.7164285714285714 0.07037037037037037 0.09952380952380953 
7 0.7821548821548822 0.8666666666666667 0.18316498316498317 0.259047619047619 
