7 0.5739057239057239 0.5469047619047619 0.2441077441077441 0.34523809523809523 
2 0.32491582491582494 0.37666666666666665 0.13804713804713806 0.19523809523809524 
9 0.402020202020202 0.7261904761904762 0.21346801346801347 0.3019047619047619 
7 0.6085858585858586 0.8254761904761905 0.24343434343434345 0.3442857142857143 
7 0.8151515151515152 0.768095238095238 0.22760942760942762 0.3219047619047619 
9 0.8764309764309764 0.5538095238095239 0.23636363636363636 0.3342857142857143 
10 0.7845117845117845 0.5919047619047619 0.10841750841750841 0.15333333333333332 
2 0.4286195286195286 0.45095238095238094 0.20875420875420875 0.29523809523809524 
4 0.20303030303030303 0.58 0.1164983164983165 0.16476190476190475 
6 0.6272727272727273 0.3219047619047619 0.14747474747474748 0.20857142857142857 
