10 0.8225589225589226 0.7842857142857143 0.24175084175084174 0.3419047619047619 
4 0.44276094276094274 0.9180952380952381 0.04242424242424243 0.06 
2 0.4126262626262626 0.6530952380952381 0.198989898989899 0.2814285714285714 
9 0.38215488215488214 0.4614285714285714 0.12525252525252525 0.17714285714285713 
1 0.7018518518518518 0.39404761904761904 0.1484848484848485 0.21 
1 0.6220538720538721 0.5621428571428572 0.051515151515151514 0.07285714285714286 
10 0.5988215488215488 0.1492857142857143 0.060942760942760944 0.08619047619047619 
5 0.5047138047138047 0.4561904761904762 0.11380471380471381 0.16095238095238096 
0 0.38063973063973067 0.8545238095238096 0.17676767676767677 0.25 
4 0.5072390572390573 0.5454761904761904 0.07508417508417509 0.1061904761904762 
