9 0.5742424242424242 0.5954761904761905 0.05757575757575758 0.08142857142857143 
7 0.35622895622895623 0.4085714285714286 0.09292929292929293 0.13142857142857142 
1 0.652020202020202 0.32785714285714285 0.1101010101010101 0.15571428571428572 
8 0.26885521885521885 0.3830952380952381 0.15454545454545454 0.21857142857142858 
10 0.656060606060606 0.775 0.21582491582491584 0.30523809523809525 
0 0.9658249158249158 0.09690476190476191 0.040067340067340064 0.056666666666666664 
1 0.7547138047138047 0.4492857142857143 0.18754208754208754 0.2652380952380952 
6 0.46094276094276093 0.6442857142857142 0.2 0.28285714285714286 
9 0.25202020202020203 0.8402380952380952 0.13367003367003366 0.18904761904761905 
5 0.8703703703703703 0.7509523809523809 0.2074074074074074 0.29333333333333333 
