8 0.46835016835016835 0.5357142857142857 0.12996632996632998 0.1838095238095238 
5 0.2873737373737374 0.835952380952381 0.17272727272727273 0.24428571428571427 
5 0.953030303030303 0.7516666666666667 0.06632996632996634 0.09380952380952381 
2 0.2932659932659933 0.6114285714285714 0.05454545454545454 0.07714285714285714 
1 0.6380471380471381 0.5576190476190476 0.1744107744107744 0.24666666666666667 
5 0.685016835016835 0.2892857142857143 0.07037037037037037 0.09952380952380953 
8 0.26195286195286194 0.39380952380952383 0.13535353535353536 0.19142857142857142 
9 0.7861952861952862 0.7914285714285715 0.24444444444444444 0.3457142857142857 
6 0.9040404040404041 0.44571428571428573 0.11043771043771043 0.15619047619047619 
7 0.8915824915824916 0.9180952380952381 0.08417508417508418 0.11904761904761904 
