6 0.5927609427609427 0.8178571428571428 0.1484848484848485 0.21 
10 0.8663299663299663 0.6176190476190476 0.26464646464646463 0.3742857142857143 
6 0.75 0.7973809523809524 0.08047138047138047 0.1138095238095238 
1 0.8895622895622896 0.23095238095238096 0.1063973063973064 0.15047619047619049 
1 0.4080808080808081 0.24333333333333335 0.0861952861952862 0.1219047619047619 
7 0.4132996632996633 0.554047619047619 0.07508417508417509 0.1061904761904762 
3 0.695959595959596 0.2861904761904762 0.08956228956228957 0.12666666666666668 
8 0.33215488215488215 0.4969047619047619 0.20707070707070707 0.29285714285714287 
4 0.9558922558922559 0.48857142857142855 0.07407407407407407 0.10476190476190476 
10 0.696969696969697 0.6257142857142857 0.17373737373737375 0.24571428571428572 
