1 0.5611111111111111 0.8783333333333333 0.13232323232323231 0.18714285714285714 
3 0.6161616161616161 0.5052380952380953 0.16498316498316498 0.23333333333333334 
7 0.884006734006734 0.9192857142857143 0.10606060606060606 0.15 
5 0.37255892255892253 0.4088095238095238 0.11346801346801347 0.16047619047619047 
7 0.7400673400673401 0.6361904761904762 0.11717171717171718 0.1657142857142857 
2 0.513973063973064 0.6569047619047619 0.20572390572390573 0.29095238095238096 
0 0.44057239057239056 0.9130952380952381 0.12289562289562289 0.1738095238095238 
1 0.5075757575757576 0.3497619047619048 0.0723905723905724 0.10238095238095238 
4 0.8281144781144781 0.7497619047619047 0.21313131313131314 0.30142857142857143 
7 0.37104377104377106 0.7595238095238095 0.18249158249158248 0.2580952380952381 
