5 0.3638047138047138 0.825 0.040740740740740744 0.05761904761904762 
10 0.12003367003367003 0.305952380952381 0.07508417508417509 0.1061904761904762 
6 0.6265993265993266 0.7028571428571428 0.035016835016835016 0.049523809523809526 
3 0.5062289562289563 0.6388095238095238 0.05016835016835017 0.07095238095238095 
2 0.544949494949495 0.8054761904761905 0.26296296296296295 0.3719047619047619 
2 0.38265993265993264 0.4907142857142857 0.1404040404040404 0.19857142857142857 
4 0.23232323232323232 0.8033333333333333 0.061952861952861954 0.08761904761904762 
5 0.6621212121212121 0.5797619047619048 0.16127946127946127 0.2280952380952381 
10 0.8437710437710437 0.7466666666666667 0.25656565656565655 0.3628571428571429 
5 0.5695286195286196 0.435952380952381 0.05757575757575758 0.08142857142857143 
