1 0.7079124579124579 0.46595238095238095 0.05218855218855219 0.07380952380952381 
3 0.414983164983165 0.6973809523809524 0.2468013468013468 0.34904761904761905 
7 0.8023569023569024 0.7904761904761904 0.2673400673400673 0.3780952380952381 
7 0.5461279461279461 0.4704761904761905 0.21346801346801347 0.3019047619047619 
0 0.9404040404040404 0.49523809523809526 0.10168350168350168 0.1438095238095238 
3 0.2915824915824916 0.6457142857142857 0.10774410774410774 0.1523809523809524 
7 0.43148148148148147 0.4988095238095238 0.132996632996633 0.1880952380952381 
9 0.6385521885521885 0.4492857142857143 0.08585858585858586 0.12142857142857143 
0 0.6907407407407408 0.7483333333333333 0.03468013468013468 0.04904761904761905 
3 0.6274410774410775 0.6778571428571428 0.25353535353535356 0.3585714285714286 
