1 0.6395622895622896 0.8369047619047619 0.07037037037037037 0.09952380952380953 
0 0.6614478114478114 0.45595238095238094 0.09528619528619528 0.13476190476190475 
0 0.6636363636363637 0.6766666666666666 0.20606060606060606 0.2914285714285714 
8 0.8225589225589226 0.7942857142857143 0.25521885521885523 0.36095238095238097 
8 0.8548821548821549 0.5961904761904762 0.08754208754208755 0.12380952380952381 
9 0.28754208754208754 0.42333333333333334 0.07474747474747474 0.10571428571428572 
2 0.18282828282828284 0.8971428571428571 0.03367003367003367 0.047619047619047616 
5 0.44494949494949493 0.7435714285714285 0.24343434343434345 0.3442857142857143 
9 0.5685185185185185 0.18833333333333332 0.08316498316498316 0.11761904761904762 
5 0.42003367003367004 0.4564285714285714 0.21245791245791246 0.30047619047619045 
