7 0.8097643097643098 0.27904761904761904 0.035016835016835016 0.049523809523809526 
5 0.7863636363636364 0.7088095238095238 0.23265993265993265 0.32904761904761903 
3 0.3707070707070707 0.6228571428571429 0.13872053872053872 0.1961904761904762 
8 0.7521885521885522 0.36952380952380953 0.13400673400673402 0.1895238095238095 
6 0.3752525252525252 0.8083333333333333 0.1861952861952862 0.2633333333333333 
4 0.5434343434343434 0.8776190476190476 0.10505050505050505 0.14857142857142858 
0 0.2590909090909091 0.2588095238095238 0.10875420875420876 0.1538095238095238 
8 0.5095959595959596 0.6726190476190477 0.2286195286195286 0.3233333333333333 
5 0.5575757575757576 0.36047619047619045 0.14074074074074075 0.19904761904761906 
1 0.6784511784511784 0.888095238095238 0.15488215488215487 0.21904761904761905 
