1 0.6592592592592592 0.7919047619047619 0.20942760942760943 0.29619047619047617 
9 0.5661616161616162 0.6083333333333333 0.2622895622895623 0.370952380952381 
0 0.7821548821548822 0.5947619047619047 0.18181818181818182 0.2571428571428571 
10 0.07592592592592592 0.6954761904761905 0.04612794612794613 0.06523809523809523 
9 0.804040404040404 0.33285714285714285 0.11313131313131314 0.16 
0 0.2895622895622896 0.5928571428571429 0.1898989898989899 0.26857142857142857 
5 0.5796296296296296 0.5059523809523809 0.04478114478114478 0.06333333333333334 
10 0.5069023569023569 0.8521428571428571 0.20639730639730638 0.2919047619047619 
9 0.32003367003367006 0.8221428571428572 0.19427609427609427 0.27476190476190476 
9 0.6515151515151515 0.2542857142857143 0.08282828282828283 0.11714285714285715 
