10 0.7223905723905724 0.8421428571428572 0.049494949494949494 0.07 
5 0.42592592592592593 0.7957142857142857 0.09225589225589226 0.13047619047619047 
7 0.575925925925926 0.8502380952380952 0.18956228956228957 0.2680952380952381 
8 0.695959595959596 0.628095238095238 0.15084175084175083 0.21333333333333335 
1 0.6247474747474747 0.31976190476190475 0.05824915824915825 0.08238095238095237 
5 0.5176767676767676 0.6054761904761905 0.2265993265993266 0.32047619047619047 
3 0.29932659932659933 0.7338095238095238 0.1717171717171717 0.24285714285714285 
7 0.927946127946128 0.6195238095238095 0.1111111111111111 0.15714285714285714 
7 0.28063973063973063 0.7983333333333333 0.040067340067340064 0.056666666666666664 
7 0.8095959595959596 0.45404761904761903 0.20976430976430976 0.2966666666666667 
