0 0.09898989898989899 0.7838095238095238 0.03636363636363636 0.05142857142857143 
9 0.539057239057239 0.71 0.08350168350168351 0.1180952380952381 
0 0.9031986531986532 0.48214285714285715 0.06498316498316499 0.0919047619047619 
2 0.8287878787878787 0.7554761904761905 0.21784511784511784 0.3080952380952381 
0 0.7434343434343434 0.5595238095238095 0.22962962962962963 0.32476190476190475 
6 0.8343434343434344 0.38476190476190475 0.14814814814814814 0.20952380952380953 
8 0.7202020202020202 0.8338095238095238 0.07003367003367003 0.09904761904761905 
9 0.05488215488215488 0.6414285714285715 0.03636363636363636 0.05142857142857143 
2 0.9005050505050505 0.8811904761904762 0.10336700336700337 0.1461904761904762 
5 0.532996632996633 0.7252380952380952 0.26801346801346804 0.379047619047619 
