0 0.10387205387205387 0.5521428571428572 0.04276094276094276 0.060476190476190475 
2 0.7922558922558922 0.5728571428571428 0.1797979797979798 0.2542857142857143 
3 0.6358585858585859 0.6497619047619048 0.1808080808080808 0.2557142857142857 
7 0.8382154882154882 0.7835714285714286 0.17609427609427608 0.24904761904761905 
10 0.4006734006734007 0.6914285714285714 0.2585858585858586 0.3657142857142857 
4 0.5562289562289562 0.8266666666666667 0.13400673400673402 0.1895238095238095 
9 0.5259259259259259 0.6880952380952381 0.04915824915824916 0.06952380952380953 
2 0.3627946127946128 0.44547619047619047 0.19696969696969696 0.2785714285714286 
8 0.5887205387205388 0.4773809523809524 0.18888888888888888 0.2671428571428571 
9 0.23754208754208755 0.33690476190476193 0.040740740740740744 0.05761904761904762 
