7 0.45151515151515154 0.4942857142857143 0.17845117845117844 0.2523809523809524 
10 0.7459595959595959 0.8054761904761905 0.23063973063973064 0.3261904761904762 
5 0.4890572390572391 0.705 0.26161616161616164 0.37 
2 0.7163299663299664 0.5711904761904761 0.15993265993265993 0.2261904761904762 
2 0.31734006734006737 0.6773809523809524 0.16397306397306396 0.2319047619047619 
10 0.11582491582491583 0.22857142857142856 0.07138047138047138 0.10095238095238095 
6 0.29444444444444445 0.6088095238095238 0.03939393939393939 0.055714285714285716 
6 0.9047138047138047 0.81 0.18855218855218855 0.26666666666666666 
8 0.5117845117845118 0.9247619047619048 0.04511784511784512 0.06380952380952382 
9 0.3355218855218855 0.2088095238095238 0.07104377104377105 0.10047619047619048 
