8 0.6075757575757575 0.5197619047619048 0.18013468013468015 0.25476190476190474 
1 0.30993265993265995 0.8921428571428571 0.135016835016835 0.19095238095238096 
4 0.886026936026936 0.8578571428571429 0.15791245791245792 0.22333333333333333 
1 0.41734006734006734 0.4030952380952381 0.17811447811447811 0.2519047619047619 
3 0.47558922558922556 0.5992857142857143 0.2111111111111111 0.2985714285714286 
4 0.11582491582491583 0.9014285714285715 0.07676767676767676 0.10857142857142857 
6 0.5671717171717172 0.3407142857142857 0.13636363636363635 0.19285714285714287 
2 0.8294612794612795 0.5126190476190476 0.07643097643097643 0.10809523809523809 
1 0.7047138047138047 0.8166666666666667 0.22154882154882155 0.31333333333333335 
8 0.5262626262626262 0.8128571428571428 0.2404040404040404 0.34 
