1 0.4094276094276094 0.2557142857142857 0.0861952861952862 0.1219047619047619 
0 0.17929292929292928 0.3892857142857143 0.06902356902356903 0.09761904761904762 
1 0.8035353535353535 0.8654761904761905 0.15521885521885523 0.2195238095238095 
8 0.48518518518518516 0.5461904761904762 0.2531986531986532 0.3580952380952381 
9 0.9404040404040404 0.46285714285714286 0.11447811447811448 0.1619047619047619 
1 0.6749158249158249 0.555 0.2447811447811448 0.3461904761904762 
5 0.847979797979798 0.6835714285714286 0.26565656565656565 0.3757142857142857 
4 0.8328282828282828 0.4330952380952381 0.09663299663299663 0.13666666666666666 
10 0.4983164983164983 0.8042857142857143 0.18451178451178452 0.26095238095238094 
4 0.6643097643097643 0.8076190476190476 0.2383838383838384 0.33714285714285713 
