1 0.4750841750841751 0.7371428571428571 0.2606060606060606 0.36857142857142855 
8 0.38097643097643097 0.5135714285714286 0.10134680134680135 0.14333333333333334 
3 0.635016835016835 0.5914285714285714 0.25993265993265996 0.3676190476190476 
9 0.7518518518518519 0.4542857142857143 0.15218855218855218 0.21523809523809523 
2 0.16144781144781145 0.914047619047619 0.05016835016835017 0.07095238095238095 
9 0.823063973063973 0.736904761904762 0.2367003367003367 0.33476190476190476 
4 0.5739057239057239 0.2511904761904762 0.09191919191919191 0.13 
1 0.32676767676767676 0.345 0.13973063973063973 0.1976190476190476 
4 0.31447811447811447 0.7866666666666666 0.1892255892255892 0.26761904761904765 
3 0.21262626262626264 0.40214285714285714 0.05286195286195286 0.07476190476190477 
