1 0.10555555555555556 0.24976190476190477 0.047474747474747475 0.06714285714285714 
8 0.49696969696969695 0.8928571428571429 0.09966329966329966 0.14095238095238094 
7 0.38333333333333336 0.8292857142857143 0.23468013468013468 0.3319047619047619 
3 0.6797979797979798 0.7276190476190476 0.21481481481481482 0.3038095238095238 
6 0.22323232323232323 0.8261904761904761 0.13737373737373737 0.19428571428571428 
3 0.4193602693602694 0.5464285714285714 0.22794612794612795 0.3223809523809524 
5 0.7496632996632997 0.49738095238095237 0.17542087542087542 0.2480952380952381 
7 0.8537037037037037 0.6883333333333334 0.11212121212121212 0.15857142857142856 
6 0.8774410774410775 0.4195238095238095 0.15084175084175083 0.21333333333333335 
3 0.8533670033670033 0.8307142857142857 0.2265993265993266 0.32047619047619047 
