4 0.3026936026936027 0.3314285714285714 0.13131313131313133 0.18571428571428572 
8 0.5333333333333333 0.699047619047619 0.1494949494949495 0.21142857142857144 
0 0.6291245791245791 0.7692857142857142 0.15185185185185185 0.21476190476190476 
2 0.5363636363636364 0.34095238095238095 0.07676767676767676 0.10857142857142857 
6 0.3397306397306397 0.7404761904761905 0.1292929292929293 0.18285714285714286 
9 0.9410774410774411 0.2438095238095238 0.06464646464646465 0.09142857142857143 
0 0.7691919191919192 0.42738095238095236 0.17272727272727273 0.24428571428571427 
7 0.8942760942760942 0.7338095238095238 0.15286195286195287 0.21619047619047618 
8 0.725925925925926 0.7661904761904762 0.055218855218855216 0.07809523809523809 
9 0.6936026936026936 0.2823809523809524 0.11313131313131314 0.16 
