8 0.5392255892255893 0.7554761904761905 0.1983164983164983 0.2804761904761905 
4 0.7112794612794613 0.7978571428571428 0.264983164983165 0.37476190476190474 
5 0.36262626262626263 0.5861904761904762 0.2202020202020202 0.31142857142857144 
5 0.9531986531986532 0.3361904761904762 0.061952861952861954 0.08761904761904762 
1 0.710942760942761 0.5245238095238095 0.2441077441077441 0.34523809523809523 
6 0.8765993265993266 0.6592857142857143 0.2468013468013468 0.34904761904761905 
6 0.38181818181818183 0.8223809523809524 0.23164983164983166 0.32761904761904764 
1 0.882996632996633 0.4626190476190476 0.13973063973063973 0.1976190476190476 
5 0.5311447811447811 0.5378571428571428 0.2521885521885522 0.3566666666666667 
10 0.3255892255892256 0.35714285714285715 0.14882154882154883 0.21047619047619048 
