8 0.6205387205387205 0.7214285714285714 0.1925925925925926 0.2723809523809524 
10 0.8042087542087543 0.36023809523809525 0.08181818181818182 0.11571428571428571 
3 0.34040404040404043 0.5866666666666667 0.22087542087542086 0.31238095238095237 
2 0.2595959595959596 0.22523809523809524 0.07744107744107744 0.10952380952380952 
7 0.5328282828282829 0.38261904761904764 0.05488215488215488 0.07761904761904762 
5 0.8966329966329967 0.1180952380952381 0.04915824915824916 0.06952380952380953 
2 0.692929292929293 0.2042857142857143 0.08484848484848485 0.12 
1 0.39057239057239057 0.16285714285714287 0.06599326599326599 0.09333333333333334 
0 0.4239057239057239 0.9242857142857143 0.08080808080808081 0.11428571428571428 
0 0.6427609427609428 0.4504761904761905 0.19663299663299663 0.2780952380952381 
