2 0.4444444444444444 0.5504761904761905 0.22424242424242424 0.3171428571428571 
0 0.7700336700336701 0.25476190476190474 0.04983164983164983 0.07047619047619047 
2 0.41548821548821546 0.37761904761904763 0.13468013468013468 0.19047619047619047 
0 0.18821548821548822 0.5133333333333333 0.04915824915824916 0.06952380952380953 
8 0.8651515151515151 0.7316666666666667 0.132996632996633 0.1880952380952381 
9 0.7387205387205387 0.68 0.2080808080808081 0.29428571428571426 
2 0.3202020202020202 0.7342857142857143 0.2101010101010101 0.29714285714285715 
9 0.5907407407407408 0.23976190476190476 0.04478114478114478 0.06333333333333334 
10 0.7808080808080808 0.3433333333333333 0.13872053872053872 0.1961904761904762 
5 0.49562289562289563 0.7552380952380953 0.22154882154882155 0.31333333333333335 
