9 0.8494949494949495 0.6242857142857143 0.2686868686868687 0.38 
1 0.3606060606060606 0.49238095238095236 0.13737373737373737 0.19428571428571428 
4 0.49747474747474746 0.7654761904761904 0.1606060606060606 0.22714285714285715 
9 0.35589225589225587 0.7185714285714285 0.23636363636363636 0.3342857142857143 
8 0.635016835016835 0.45285714285714285 0.18653198653198652 0.2638095238095238 
10 0.6441077441077441 0.6833333333333333 0.23232323232323232 0.32857142857142857 
10 0.22895622895622897 0.41 0.1441077441077441 0.2038095238095238 
4 0.5873737373737373 0.8559523809523809 0.16666666666666666 0.2357142857142857 
10 0.3557239057239057 0.29642857142857143 0.07306397306397307 0.10333333333333333 
7 0.4927609427609428 0.5773809523809523 0.2609427609427609 0.36904761904761907 
