9 0.33754208754208753 0.5569047619047619 0.07171717171717172 0.10142857142857142 
2 0.5843434343434344 0.8292857142857143 0.19562289562289562 0.27666666666666667 
1 0.7643097643097643 0.8095238095238095 0.23164983164983166 0.32761904761904764 
2 0.284006734006734 0.7711904761904762 0.16734006734006734 0.23666666666666666 
7 0.34915824915824917 0.2561904761904762 0.06599326599326599 0.09333333333333334 
2 0.6338383838383839 0.5788095238095238 0.21313131313131314 0.30142857142857143 
0 0.7548821548821549 0.3904761904761905 0.08956228956228957 0.12666666666666668 
9 0.2878787878787879 0.45380952380952383 0.15488215488215487 0.21904761904761905 
1 0.20117845117845118 0.2292857142857143 0.0946127946127946 0.13380952380952382 
10 0.8392255892255892 0.5526190476190476 0.07508417508417509 0.1061904761904762 
