7 0.435016835016835 0.77 0.21346801346801347 0.3019047619047619 
8 0.8377104377104377 0.7304761904761905 0.22962962962962963 0.32476190476190475 
7 0.5553872053872054 0.42833333333333334 0.201010101010101 0.2842857142857143 
6 0.7016835016835017 0.5647619047619048 0.1292929292929293 0.18285714285714286 
6 0.34494949494949495 0.5288095238095238 0.13636363636363635 0.19285714285714287 
4 0.402020202020202 0.13714285714285715 0.06262626262626263 0.08857142857142856 
6 0.6143097643097644 0.7888095238095238 0.25757575757575757 0.36428571428571427 
9 0.7424242424242424 0.9157142857142857 0.10437710437710437 0.14761904761904762 
0 0.3712121212121212 0.38785714285714284 0.1202020202020202 0.17 
9 0.8493265993265994 0.3411904761904762 0.14646464646464646 0.20714285714285716 
