7 0.2946127946127946 0.58 0.16632996632996633 0.23523809523809525 
3 0.8878787878787879 0.3495238095238095 0.1589225589225589 0.22476190476190477 
4 0.509090909090909 0.6804761904761905 0.23973063973063974 0.33904761904761904 
7 0.30505050505050507 0.41285714285714287 0.12323232323232323 0.1742857142857143 
2 0.14225589225589225 0.8116666666666666 0.07508417508417509 0.1061904761904762 
10 0.4855218855218855 0.8328571428571429 0.10437710437710437 0.14761904761904762 
6 0.7998316498316498 0.21785714285714286 0.0723905723905724 0.10238095238095238 
6 0.8398989898989899 0.8354761904761905 0.21784511784511784 0.3080952380952381 
3 0.6932659932659933 0.4880952380952381 0.09966329966329966 0.14095238095238094 
7 0.548989898989899 0.29404761904761906 0.10942760942760943 0.15476190476190477 
