2 0.6863636363636364 0.6273809523809524 0.18888888888888888 0.2671428571428571 
2 0.5868686868686869 0.6695238095238095 0.07205387205387205 0.1019047619047619 
6 0.8116161616161616 0.33214285714285713 0.08585858585858586 0.12142857142857143 
10 0.412962962962963 0.36738095238095236 0.1478114478114478 0.20904761904761904 
8 0.818013468013468 0.535 0.23602693602693603 0.33380952380952383 
6 0.9222222222222223 0.768095238095238 0.11986531986531987 0.16952380952380952 
0 0.8016835016835017 0.6195238095238095 0.039057239057239054 0.05523809523809524 
9 0.5205387205387205 0.5352380952380953 0.17643097643097644 0.24952380952380954 
7 0.7868686868686868 0.8590476190476191 0.14276094276094276 0.2019047619047619 
6 0.34494949494949495 0.5611904761904762 0.2111111111111111 0.2985714285714286 
