1 0.4075757575757576 0.8488095238095238 0.20909090909090908 0.2957142857142857 
1 0.9134680134680134 0.7876190476190477 0.1595959595959596 0.2257142857142857 
2 0.780976430976431 0.9211904761904762 0.06835016835016836 0.09666666666666666 
2 0.3621212121212121 0.585952380952381 0.16397306397306396 0.2319047619047619 
8 0.763973063973064 0.6623809523809524 0.07542087542087542 0.10666666666666667 
2 0.41548821548821546 0.2857142857142857 0.08888888888888889 0.12571428571428572 
2 0.22154882154882155 0.7314285714285714 0.03973063973063973 0.05619047619047619 
1 0.5858585858585859 0.669047619047619 0.22962962962962963 0.32476190476190475 
5 0.3178451178451178 0.6285714285714286 0.0531986531986532 0.07523809523809524 
4 0.8222222222222222 0.5414285714285715 0.23434343434343435 0.3314285714285714 
