10 0.568013468013468 0.6876190476190476 0.1111111111111111 0.15714285714285714 
5 0.40505050505050505 0.7490476190476191 0.21952861952861952 0.31047619047619046 
8 0.8446127946127946 0.6697619047619048 0.24074074074074073 0.3404761904761905 
4 0.7314814814814815 0.45261904761904764 0.16397306397306396 0.2319047619047619 
3 0.44511784511784513 0.4119047619047619 0.14882154882154883 0.21047619047619048 
7 0.8740740740740741 0.4180952380952381 0.0430976430976431 0.06095238095238095 
5 0.5663299663299664 0.8471428571428572 0.13535353535353536 0.19142857142857142 
2 0.5420875420875421 0.9419047619047619 0.07811447811447811 0.11047619047619048 
5 0.8749158249158249 0.3411904761904762 0.132996632996633 0.1880952380952381 
0 0.20437710437710438 0.7409523809523809 0.10841750841750841 0.15333333333333332 
