7 0.8535353535353535 0.8171428571428572 0.07003367003367003 0.09904761904761905 
1 0.35875420875420877 0.6359523809523809 0.13973063973063973 0.1976190476190476 
7 0.22171717171717173 0.8602380952380952 0.056902356902356906 0.08047619047619048 
6 0.42676767676767674 0.8702380952380953 0.07912457912457913 0.11190476190476191 
7 0.8494949494949495 0.6414285714285715 0.24983164983164982 0.35333333333333333 
1 0.7602693602693603 0.3523809523809524 0.15757575757575756 0.22285714285714286 
1 0.55993265993266 0.4928571428571429 0.14343434343434344 0.20285714285714285 
7 0.3904040404040404 0.8483333333333334 0.2016835016835017 0.28523809523809524 
1 0.7058922558922559 0.7416666666666667 0.2117845117845118 0.2995238095238095 
7 0.3872053872053872 0.3738095238095238 0.05656565656565657 0.08 
