8 0.539057239057239 0.710952380952381 0.26801346801346804 0.379047619047619 
10 0.5666666666666667 0.5857142857142857 0.09090909090909091 0.12857142857142856 
1 0.8900673400673401 0.746904761904762 0.1983164983164983 0.2804761904761905 
7 0.7865319865319865 0.5585714285714286 0.22087542087542086 0.31238095238095237 
3 0.3574074074074074 0.6869047619047619 0.17676767676767677 0.25 
0 0.6589225589225589 0.43 0.14343434343434344 0.20285714285714285 
0 0.4767676767676768 0.26904761904761904 0.04511784511784512 0.06380952380952382 
5 0.6848484848484848 0.3261904761904762 0.06397306397306397 0.09047619047619047 
0 0.5562289562289562 0.8523809523809524 0.1191919191919192 0.16857142857142857 
2 0.42912457912457913 0.8645238095238095 0.17003367003367004 0.24047619047619048 
