0 0.7558922558922558 0.7004761904761905 0.14006734006734006 0.1980952380952381 
9 0.4351851851851852 0.725 0.198989898989899 0.2814285714285714 
4 0.6225589225589225 0.6980952380952381 0.24511784511784512 0.3466666666666667 
5 0.8675084175084176 0.5816666666666667 0.2569023569023569 0.36333333333333334 
2 0.3085858585858586 0.7226190476190476 0.1606060606060606 0.22714285714285715 
9 0.43417508417508416 0.4573809523809524 0.10808080808080808 0.15285714285714286 
6 0.6902356902356902 0.4195238095238095 0.19663299663299663 0.2780952380952381 
2 0.3367003367003367 0.4676190476190476 0.2175084175084175 0.3076190476190476 
4 0.428956228956229 0.6976190476190476 0.05185185185185185 0.07333333333333333 
7 0.5267676767676768 0.5111904761904762 0.24006734006734007 0.3395238095238095 
