9 0.5604377104377104 0.9097619047619048 0.10471380471380472 0.14809523809523809 
0 0.6676767676767676 0.7880952380952381 0.24444444444444444 0.3457142857142857 
10 0.9632996632996633 0.5685714285714286 0.03771043771043771 0.05333333333333334 
6 0.28215488215488216 0.2538095238095238 0.061952861952861954 0.08761904761904762 
0 0.23097643097643097 0.6866666666666666 0.08552188552188553 0.12095238095238095 
9 0.7919191919191919 0.5228571428571429 0.1414141414141414 0.2 
2 0.9217171717171717 0.45357142857142857 0.03939393939393939 0.055714285714285716 
10 0.31582491582491584 0.6128571428571429 0.07676767676767676 0.10857142857142857 
3 0.4952861952861953 0.731904761904762 0.22626262626262628 0.32 
3 0.32845117845117844 0.4830952380952381 0.18484848484848485 0.26142857142857145 
