4 0.8656565656565657 0.6252380952380953 0.24983164983164982 0.35333333333333333 
4 0.6966329966329966 0.7352380952380952 0.26262626262626265 0.37142857142857144 
4 0.4632996632996633 0.5719047619047619 0.09023569023569024 0.12761904761904763 
3 0.29444444444444445 0.8926190476190476 0.09528619528619528 0.13476190476190475 
2 0.5121212121212121 0.7742857142857142 0.09831649831649832 0.13904761904761906 
1 0.31851851851851853 0.6819047619047619 0.2074074074074074 0.29333333333333333 
1 0.8324915824915825 0.4173809523809524 0.10808080808080808 0.15285714285714286 
1 0.5099326599326599 0.5792857142857143 0.24545454545454545 0.34714285714285714 
7 0.7961279461279461 0.6021428571428571 0.038047138047138045 0.05380952380952381 
1 0.6998316498316498 0.47595238095238096 0.22255892255892257 0.31476190476190474 
