2 0.5947811447811447 0.7659523809523809 0.14915824915824916 0.21095238095238095 
2 0.8883838383838384 0.6264285714285714 0.20841750841750842 0.2947619047619048 
0 0.29124579124579125 0.5804761904761905 0.15757575757575756 0.22285714285714286 
1 0.3712121212121212 0.38595238095238094 0.17946127946127946 0.2538095238095238 
3 0.49478114478114477 0.3678571428571429 0.1101010101010101 0.15571428571428572 
0 0.7417508417508417 0.7804761904761904 0.2558922558922559 0.3619047619047619 
6 0.4526936026936027 0.8488095238095238 0.20774410774410773 0.2938095238095238 
8 0.8814814814814815 0.4876190476190476 0.09292929292929293 0.13142857142857142 
9 0.6038720538720539 0.5102380952380953 0.234006734006734 0.33095238095238094 
4 0.7528619528619529 0.5004761904761905 0.11380471380471381 0.16095238095238096 
