10 0.8816498316498317 0.8788095238095238 0.14309764309764308 0.20238095238095238 
2 0.8395622895622895 0.7130952380952381 0.2447811447811448 0.3461904761904762 
1 0.6747474747474748 0.7047619047619048 0.1265993265993266 0.17904761904761904 
1 0.7343434343434343 0.5371428571428571 0.21885521885521886 0.30952380952380953 
1 0.4631313131313131 0.584047619047619 0.26430976430976433 0.3738095238095238 
7 0.4420875420875421 0.8176190476190476 0.20942760942760943 0.29619047619047617 
10 0.5816498316498316 0.4269047619047619 0.14242424242424243 0.20142857142857143 
0 0.8021885521885522 0.3526190476190476 0.15791245791245792 0.22333333333333333 
8 0.30404040404040406 0.8357142857142857 0.10841750841750841 0.15333333333333332 
7 0.22643097643097643 0.6354761904761905 0.132996632996633 0.1880952380952381 
