10 0.7013468013468014 0.38 0.14814814814814814 0.20952380952380953 
8 0.6131313131313131 0.7180952380952381 0.26666666666666666 0.37714285714285717 
6 0.710942760942761 0.7202380952380952 0.11818181818181818 0.16714285714285715 
10 0.5771043771043771 0.3761904761904762 0.14612794612794613 0.20666666666666667 
3 0.8368686868686869 0.6569047619047619 0.21851851851851853 0.30904761904761907 
3 0.23872053872053872 0.7433333333333333 0.13131313131313133 0.18571428571428572 
2 0.4831649831649832 0.5009523809523809 0.23434343434343435 0.3314285714285714 
8 0.7129629629629629 0.885 0.1026936026936027 0.14523809523809525 
4 0.843939393939394 0.3373809523809524 0.03468013468013468 0.04904761904761905 
1 0.44646464646464645 0.7561904761904762 0.17306397306397306 0.24476190476190476 
