6 0.7954545454545454 0.43166666666666664 0.12626262626262627 0.17857142857142858 
9 0.24444444444444444 0.8657142857142858 0.09831649831649832 0.13904761904761906 
0 0.5346801346801346 0.6023809523809524 0.21952861952861952 0.31047619047619046 
3 0.6225589225589225 0.7704761904761904 0.16430976430976432 0.23238095238095238 
3 0.3335016835016835 0.605 0.15656565656565657 0.22142857142857142 
7 0.7355218855218856 0.3773809523809524 0.0595959595959596 0.08428571428571428 
8 0.8101010101010101 0.7061904761904761 0.2 0.28285714285714286 
4 0.4415824915824916 0.835 0.21582491582491584 0.30523809523809525 
4 0.9057239057239057 0.8542857142857143 0.10168350168350168 0.1438095238095238 
9 0.14225589225589225 0.2654761904761905 0.07845117845117845 0.11095238095238096 
