5 0.9405723905723906 0.3230952380952381 0.10067340067340068 0.14238095238095239 
0 0.3001683501683502 0.7645238095238095 0.060942760942760944 0.08619047619047619 
8 0.4890572390572391 0.5930952380952381 0.26835016835016834 0.37952380952380954 
6 0.9335016835016835 0.11785714285714285 0.040067340067340064 0.056666666666666664 
10 0.6254208754208754 0.7730952380952381 0.2239057239057239 0.31666666666666665 
1 0.24292929292929294 0.6826190476190476 0.10404040404040404 0.14714285714285713 
1 0.7924242424242425 0.763095238095238 0.2468013468013468 0.34904761904761905 
5 0.6286195286195286 0.38095238095238093 0.1542087542087542 0.2180952380952381 
9 0.46784511784511784 0.4430952380952381 0.10606060606060606 0.15 
2 0.36043771043771045 0.8264285714285714 0.12828282828282828 0.18142857142857144 
