10 0.8101010101010101 0.7814285714285715 0.1494949494949495 0.21142857142857144 
5 0.8569023569023569 0.5419047619047619 0.2222222222222222 0.3142857142857143 
8 0.6666666666666666 0.5595238095238095 0.15286195286195287 0.21619047619047618 
8 0.6129629629629629 0.7621428571428571 0.14915824915824916 0.21095238095238095 
6 0.5274410774410775 0.5897619047619047 0.19292929292929292 0.27285714285714285 
7 0.41818181818181815 0.3385714285714286 0.04915824915824916 0.06952380952380953 
6 0.8294612794612795 0.26071428571428573 0.09730639730639731 0.1376190476190476 
6 0.3771043771043771 0.6 0.22356902356902356 0.3161904761904762 
9 0.9419191919191919 0.36833333333333335 0.08451178451178451 0.11952380952380952 
2 0.484006734006734 0.8169047619047619 0.25824915824915823 0.36523809523809525 
