10 0.2927609427609428 0.8497619047619047 0.15521885521885523 0.2195238095238095 
0 0.4380471380471381 0.5938095238095238 0.23905723905723905 0.3380952380952381 
7 0.7158249158249158 0.5338095238095238 0.17037037037037037 0.24095238095238095 
4 0.587037037037037 0.6926190476190476 0.23468013468013468 0.3319047619047619 
3 0.8237373737373738 0.8235714285714286 0.20976430976430976 0.2966666666666667 
6 0.6685185185185185 0.8764285714285714 0.15791245791245792 0.22333333333333333 
4 0.6306397306397307 0.26571428571428574 0.09158249158249158 0.1295238095238095 
2 0.8550505050505051 0.46214285714285713 0.04612794612794613 0.06523809523809523 
5 0.8508417508417508 0.48142857142857143 0.22693602693602694 0.32095238095238093 
6 0.5925925925925926 0.43476190476190474 0.20336700336700336 0.2876190476190476 
