2 0.17845117845117844 0.4138095238095238 0.10976430976430976 0.15523809523809523 
0 0.7373737373737373 0.6261904761904762 0.0962962962962963 0.1361904761904762 
8 0.9262626262626262 0.670952380952381 0.12794612794612795 0.18095238095238095 
7 0.8456228956228956 0.5907142857142857 0.13973063973063973 0.1976190476190476 
7 0.33265993265993266 0.7123809523809523 0.10572390572390572 0.14952380952380953 
3 0.864983164983165 0.2276190476190476 0.04983164983164983 0.07047619047619047 
6 0.3792929292929293 0.575952380952381 0.12895622895622896 0.1823809523809524 
2 0.26801346801346804 0.5047619047619047 0.07609427609427609 0.10761904761904761 
7 0.8094276094276094 0.7747619047619048 0.21414141414141413 0.3028571428571429 
9 0.1994949494949495 0.5997619047619047 0.03535353535353535 0.05 
