4 0.4654882154882155 0.5497619047619048 0.10673400673400674 0.15095238095238095 
0 0.674074074074074 0.2704761904761905 0.11515151515151516 0.16285714285714287 
4 0.6484848484848484 0.6438095238095238 0.24242424242424243 0.34285714285714286 
9 0.4052188552188552 0.275 0.05757575757575758 0.08142857142857143 
7 0.13518518518518519 0.8588095238095238 0.07777777777777778 0.11 
5 0.7442760942760943 0.8297619047619048 0.17474747474747473 0.24714285714285714 
5 0.5356902356902357 0.26142857142857145 0.10909090909090909 0.15428571428571428 
2 0.8575757575757575 0.7276190476190476 0.10505050505050505 0.14857142857142858 
6 0.9294612794612794 0.6788095238095239 0.1202020202020202 0.17 
1 0.7511784511784512 0.6871428571428572 0.10774410774410774 0.1523809523809524 
