3 0.5946127946127946 0.6566666666666666 0.16902356902356902 0.23904761904761904 
7 0.6239057239057239 0.9276190476190476 0.046464646464646465 0.06571428571428571 
10 0.8410774410774411 0.580952380952381 0.23905723905723905 0.3380952380952381 
8 0.3436026936026936 0.8445238095238096 0.13164983164983166 0.18619047619047618 
8 0.3383838383838384 0.12761904761904763 0.055218855218855216 0.07809523809523809 
1 0.3595959595959596 0.6604761904761904 0.059932659932659935 0.08476190476190476 
0 0.412962962962963 0.5992857142857143 0.24276094276094276 0.3433333333333333 
3 0.9547138047138047 0.4635714285714286 0.056902356902356906 0.08047619047619048 
7 0.924074074074074 0.3292857142857143 0.10606060606060606 0.15 
0 0.788047138047138 0.824047619047619 0.23535353535353534 0.33285714285714285 
