2 0.7920875420875421 0.42023809523809524 0.10942760942760943 0.15476190476190477 
8 0.7127946127946128 0.8028571428571428 0.23703703703703705 0.3352380952380952 
4 0.42239057239057237 0.7330952380952381 0.2037037037037037 0.28809523809523807 
5 0.23484848484848486 0.5311904761904762 0.11683501683501683 0.16523809523809524 
0 0.8754208754208754 0.7028571428571428 0.16296296296296298 0.23047619047619047 
10 0.7153198653198654 0.5473809523809524 0.2521885521885522 0.3566666666666667 
4 0.8494949494949495 0.7238095238095238 0.037037037037037035 0.05238095238095238 
9 0.528956228956229 0.49476190476190474 0.22828282828282828 0.32285714285714284 
8 0.3419191919191919 0.42214285714285715 0.19764309764309765 0.2795238095238095 
2 0.7026936026936027 0.3919047619047619 0.10774410774410774 0.1523809523809524 
