0 0.3087542087542088 0.3357142857142857 0.08080808080808081 0.11428571428571428 
8 0.34040404040404043 0.49476190476190474 0.10774410774410774 0.1523809523809524 
6 0.5513468013468014 0.584047619047619 0.2569023569023569 0.36333333333333334 
7 0.3533670033670034 0.6830952380952381 0.20437710437710438 0.28904761904761905 
4 0.4161616161616162 0.23904761904761904 0.1111111111111111 0.15714285714285714 
6 0.8304713804713805 0.6721428571428572 0.2622895622895623 0.370952380952381 
2 0.673063973063973 0.25523809523809526 0.07407407407407407 0.10476190476190476 
5 0.14915824915824916 0.6233333333333333 0.05925925925925926 0.0838095238095238 
2 0.2015151515151515 0.26976190476190476 0.12222222222222222 0.17285714285714285 
7 0.8264309764309764 0.49785714285714283 0.10740740740740741 0.1519047619047619 
