0 0.6786195286195286 0.6192857142857143 0.25824915824915823 0.36523809523809525 
0 0.5323232323232323 0.8166666666666667 0.1872053872053872 0.26476190476190475 
7 0.2978114478114478 0.6383333333333333 0.12558922558922558 0.17761904761904762 
0 0.8695286195286195 0.8178571428571428 0.2441077441077441 0.34523809523809523 
0 0.7139730639730639 0.8411904761904762 0.20033670033670034 0.2833333333333333 
5 0.37962962962962965 0.7683333333333333 0.25084175084175087 0.3547619047619048 
6 0.5210437710437711 0.5930952380952381 0.18552188552188553 0.2623809523809524 
2 0.36313131313131314 0.4830952380952381 0.20033670033670034 0.2833333333333333 
7 0.8835016835016835 0.5061904761904762 0.11178451178451178 0.1580952380952381 
5 0.6452861952861952 0.40166666666666667 0.1511784511784512 0.2138095238095238 
