9 0.9048821548821548 0.815 0.056228956228956226 0.07952380952380952 
1 0.6622895622895623 0.5766666666666667 0.20336700336700336 0.2876190476190476 
2 0.3664983164983165 0.5788095238095238 0.23939393939393938 0.3385714285714286 
2 0.8277777777777777 0.08976190476190476 0.03535353535353535 0.05 
1 0.8779461279461279 0.5211904761904762 0.1175084175084175 0.1661904761904762 
7 0.8542087542087542 0.729047619047619 0.22626262626262628 0.32 
4 0.6547138047138047 0.8388095238095238 0.20033670033670034 0.2833333333333333 
3 0.5323232323232323 0.6876190476190476 0.2 0.28285714285714286 
4 0.11902356902356902 0.5445238095238095 0.045454545454545456 0.06428571428571428 
5 0.42205387205387207 0.8278571428571428 0.24074074074074073 0.3404761904761905 
