0 0.5855218855218856 0.7214285714285714 0.03367003367003367 0.047619047619047616 
4 0.7267676767676767 0.34595238095238096 0.13973063973063973 0.1976190476190476 
3 0.7417508417508417 0.6214285714285714 0.21548821548821548 0.3047619047619048 
3 0.5412457912457912 0.3821428571428571 0.15185185185185185 0.21476190476190476 
7 0.5176767676767676 0.7088095238095238 0.25892255892255894 0.3661904761904762 
4 0.33367003367003367 0.22380952380952382 0.06666666666666667 0.09428571428571429 
1 0.832996632996633 0.7966666666666666 0.2101010101010101 0.29714285714285715 
0 0.37037037037037035 0.8723809523809524 0.12053872053872054 0.17047619047619048 
10 0.352020202020202 0.5835714285714285 0.23468013468013468 0.3319047619047619 
10 0.854040404040404 0.47309523809523807 0.17811447811447811 0.2519047619047619 
