7 0.4855218855218855 0.6457142857142857 0.26397306397306397 0.37333333333333335 
9 0.2814814814814815 0.6895238095238095 0.16565656565656567 0.2342857142857143 
9 0.5084175084175084 0.42428571428571427 0.14545454545454545 0.2057142857142857 
7 0.8227272727272728 0.6488095238095238 0.11077441077441078 0.15666666666666668 
2 0.15841750841750843 0.5773809523809523 0.08181818181818182 0.11571428571428571 
9 0.6452861952861952 0.7830952380952381 0.2164983164983165 0.3061904761904762 
5 0.31397306397306396 0.9078571428571428 0.0898989898989899 0.12714285714285714 
4 0.8328282828282828 0.45595238095238094 0.09730639730639731 0.1376190476190476 
0 0.3814814814814815 0.4919047619047619 0.1414141414141414 0.2 
9 0.6464646464646465 0.5471428571428572 0.1717171717171717 0.24285714285714285 
