7 0.5205387205387205 0.6023809523809524 0.07205387205387205 0.1019047619047619 
7 0.27003367003367 0.7442857142857143 0.07811447811447811 0.11047619047619048 
7 0.4417508417508417 0.8080952380952381 0.11043771043771043 0.15619047619047619 
1 0.43905723905723903 0.35428571428571426 0.04377104377104377 0.06190476190476191 
0 0.8784511784511785 0.5352380952380953 0.09023569023569024 0.12761904761904763 
9 0.3606060606060606 0.3238095238095238 0.1063973063973064 0.15047619047619049 
0 0.7555555555555555 0.4795238095238095 0.13535353535353536 0.19142857142857142 
8 0.5575757575757576 0.6271428571428571 0.21212121212121213 0.3 
0 0.8358585858585859 0.6545238095238095 0.0898989898989899 0.12714285714285714 
1 0.5060606060606061 0.2180952380952381 0.09225589225589226 0.13047619047619047 
