9 0.8033670033670034 0.46904761904761905 0.21616161616161617 0.3057142857142857 
10 0.5464646464646464 0.5071428571428571 0.23164983164983166 0.32761904761904764 
1 0.7484848484848485 0.8047619047619048 0.08282828282828283 0.11714285714285715 
4 0.19915824915824915 0.7502380952380953 0.0898989898989899 0.12714285714285714 
4 0.3622895622895623 0.8019047619047619 0.21144781144781144 0.29904761904761906 
1 0.8696969696969697 0.6980952380952381 0.1569023569023569 0.2219047619047619 
0 0.6569023569023569 0.44333333333333336 0.13468013468013468 0.19047619047619047 
5 0.7313131313131314 0.2619047619047619 0.12188552188552189 0.17238095238095238 
5 0.3565656565656566 0.37285714285714283 0.12188552188552189 0.17238095238095238 
2 0.6867003367003367 0.8011904761904762 0.21986531986531987 0.310952380952381 
