5 0.34074074074074073 0.8366666666666667 0.22087542087542086 0.31238095238095237 
0 0.6415824915824916 0.5764285714285714 0.24006734006734007 0.3395238095238095 
10 0.117003367003367 0.19642857142857142 0.06700336700336701 0.09476190476190476 
0 0.4914141414141414 0.3688095238095238 0.09865319865319866 0.13952380952380952 
2 0.6281144781144781 0.3873809523809524 0.11616161616161616 0.16428571428571428 
9 0.32323232323232326 0.6180952380952381 0.16094276094276094 0.2276190476190476 
3 0.8181818181818182 0.4666666666666667 0.21346801346801347 0.3019047619047619 
4 0.7402356902356902 0.8011904761904762 0.20303030303030303 0.28714285714285714 
2 0.3634680134680135 0.45976190476190476 0.1175084175084175 0.1661904761904762 
4 0.5454545454545454 0.7595238095238095 0.21616161616161617 0.3057142857142857 
