7 0.3528619528619529 0.2619047619047619 0.11582491582491583 0.16380952380952382 
9 0.44814814814814813 0.5923809523809523 0.2579124579124579 0.3647619047619048 
5 0.6833333333333333 0.544047619047619 0.2111111111111111 0.2985714285714286 
0 0.9045454545454545 0.4969047619047619 0.18821548821548822 0.2661904761904762 
2 0.7937710437710438 0.42119047619047617 0.17272727272727273 0.24428571428571427 
1 0.7739057239057239 0.8992857142857142 0.11616161616161616 0.16428571428571428 
4 0.5974747474747475 0.814047619047619 0.25622895622895625 0.36238095238095236 
7 0.5212121212121212 0.8809523809523809 0.0962962962962963 0.1361904761904762 
1 0.31565656565656564 0.47404761904761905 0.19158249158249158 0.27095238095238094 
7 0.8599326599326599 0.7876190476190477 0.2585858585858586 0.3657142857142857 
