8 0.21986531986531987 0.35428571428571426 0.09494949494949495 0.13428571428571429 
6 0.16952861952861953 0.2864285714285714 0.07575757575757576 0.10714285714285714 
0 0.42373737373737375 0.765 0.12154882154882155 0.1719047619047619 
5 0.37255892255892253 0.6692857142857143 0.1202020202020202 0.17 
1 0.6282828282828283 0.6938095238095238 0.21481481481481482 0.3038095238095238 
9 0.2936026936026936 0.8261904761904761 0.03771043771043771 0.05333333333333334 
5 0.4604377104377104 0.4897619047619048 0.11885521885521885 0.1680952380952381 
3 0.8183501683501684 0.5626190476190476 0.19494949494949496 0.2757142857142857 
0 0.3213804713804714 0.3302380952380952 0.135016835016835 0.19095238095238096 
6 0.47744107744107744 0.9019047619047619 0.13468013468013468 0.19047619047619047 
