0 0.858922558922559 0.6866666666666666 0.16026936026936026 0.22666666666666666 
10 0.6281144781144781 0.5921428571428572 0.06228956228956229 0.0880952380952381 
4 0.198989898989899 0.18904761904761905 0.07744107744107744 0.10952380952380952 
1 0.6176767676767677 0.35928571428571426 0.0872053872053872 0.12333333333333334 
10 0.35875420875420877 0.565952380952381 0.132996632996633 0.1880952380952381 
1 0.5378787878787878 0.3292857142857143 0.06835016835016836 0.09666666666666666 
1 0.5388888888888889 0.5102380952380953 0.2191919191919192 0.31 
5 0.428956228956229 0.7061904761904761 0.22087542087542086 0.31238095238095237 
5 0.3688552188552189 0.49404761904761907 0.06026936026936027 0.08523809523809524 
0 0.7308080808080808 0.19404761904761905 0.0872053872053872 0.12333333333333334 
