5 0.32474747474747473 0.40976190476190477 0.18888888888888888 0.2671428571428571 
0 0.6787878787878788 0.6738095238095239 0.19124579124579125 0.2704761904761905 
2 0.8813131313131313 0.8307142857142857 0.17138047138047138 0.2423809523809524 
7 0.9045454545454545 0.1388095238095238 0.0367003367003367 0.051904761904761905 
7 0.592929292929293 0.4785714285714286 0.2255892255892256 0.319047619047619 
2 0.6760942760942761 0.8538095238095238 0.1111111111111111 0.15714285714285714 
8 0.3415824915824916 0.7473809523809524 0.1511784511784512 0.2138095238095238 
4 0.3898989898989899 0.9242857142857143 0.06801346801346801 0.09619047619047619 
10 0.463973063973064 0.6528571428571428 0.26666666666666666 0.37714285714285717 
2 0.8750841750841751 0.5966666666666667 0.2222222222222222 0.3142857142857143 
