1 0.882996632996633 0.5388095238095238 0.1026936026936027 0.14523809523809525 
1 0.45824915824915824 0.5061904761904762 0.1925925925925926 0.2723809523809524 
4 0.4015151515151515 0.8888095238095238 0.14242424242424243 0.20142857142857143 
10 0.6065656565656565 0.7192857142857143 0.11952861952861953 0.16904761904761906 
0 0.841919191919192 0.8121428571428572 0.24343434343434345 0.3442857142857143 
9 0.721043771043771 0.32404761904761903 0.12895622895622896 0.1823809523809524 
1 0.6531986531986532 0.5171428571428571 0.21144781144781144 0.29904761904761906 
5 0.7710437710437711 0.64 0.05723905723905724 0.08095238095238096 
5 0.46936026936026937 0.7338095238095238 0.24713804713804713 0.3495238095238095 
4 0.3425925925925926 0.9416666666666667 0.05488215488215488 0.07761904761904762 
