0 0.3473063973063973 0.7197619047619047 0.20505050505050504 0.29 
0 0.5005050505050505 0.6507142857142857 0.20572390572390573 0.29095238095238096 
0 0.6954545454545454 0.7907142857142857 0.20841750841750842 0.2947619047619048 
9 0.8619528619528619 0.4552380952380952 0.21414141414141413 0.3028571428571429 
9 0.38585858585858585 0.1742857142857143 0.061952861952861954 0.08761904761904762 
3 0.6909090909090909 0.5623809523809524 0.22356902356902356 0.3161904761904762 
4 0.8518518518518519 0.7261904761904762 0.26531986531986534 0.37523809523809526 
2 0.27390572390572393 0.3954761904761905 0.14107744107744108 0.19952380952380952 
5 0.3875420875420875 0.4542857142857143 0.20067340067340067 0.2838095238095238 
1 0.7392255892255892 0.5864285714285714 0.058922558922558925 0.08333333333333333 
