7 0.5011784511784512 0.8888095238095238 0.10875420875420876 0.1538095238095238 
5 0.7112794612794613 0.6573809523809524 0.18215488215488215 0.25761904761904764 
9 0.37626262626262624 0.5402380952380952 0.2286195286195286 0.3233333333333333 
3 0.8734006734006734 0.4038095238095238 0.1898989898989899 0.26857142857142857 
6 0.5493265993265993 0.664047619047619 0.17474747474747473 0.24714285714285714 
8 0.9304713804713804 0.9178571428571428 0.08114478114478114 0.11476190476190476 
9 0.4604377104377104 0.585952380952381 0.056902356902356906 0.08047619047619048 
2 0.31632996632996635 0.30023809523809525 0.12289562289562289 0.1738095238095238 
4 0.8696969696969697 0.7833333333333333 0.25387205387205386 0.35904761904761906 
9 0.4097643097643098 0.7923809523809524 0.24781144781144782 0.3504761904761905 
