4 0.3387205387205387 0.8076190476190476 0.2249158249158249 0.3180952380952381 
9 0.5496632996632996 0.7440476190476191 0.2548821548821549 0.36047619047619045 
3 0.5267676767676768 0.384047619047619 0.06498316498316499 0.0919047619047619 
5 0.8045454545454546 0.6878571428571428 0.26565656565656565 0.3757142857142857 
5 0.9114478114478114 0.4828571428571429 0.08754208754208755 0.12380952380952381 
10 0.34225589225589226 0.4045238095238095 0.10808080808080808 0.15285714285714286 
2 0.1750841750841751 0.5214285714285715 0.0936026936026936 0.13238095238095238 
5 0.6111111111111112 0.5285714285714286 0.11380471380471381 0.16095238095238096 
2 0.22356902356902356 0.4180952380952381 0.08350168350168351 0.1180952380952381 
9 0.6604377104377105 0.865 0.13367003367003366 0.18904761904761905 
