1 0.41818181818181815 0.7142857142857143 0.21616161616161617 0.3057142857142857 
3 0.5134680134680135 0.43476190476190474 0.19797979797979798 0.28 
6 0.7173400673400674 0.5811904761904761 0.1808080808080808 0.2557142857142857 
9 0.8481481481481481 0.810952380952381 0.22962962962962963 0.32476190476190475 
1 0.46111111111111114 0.2507142857142857 0.09663299663299663 0.13666666666666666 
1 0.6696969696969697 0.4452380952380952 0.11515151515151516 0.16285714285714287 
2 0.6015151515151516 0.22595238095238096 0.09057239057239057 0.1280952380952381 
2 0.8531986531986532 0.48523809523809525 0.19932659932659932 0.2819047619047619 
8 0.6127946127946128 0.7576190476190476 0.22828282828282828 0.32285714285714284 
8 0.2897306397306397 0.5273809523809524 0.19023569023569023 0.26904761904761904 
