1 0.47744107744107744 0.32857142857142857 0.1367003367003367 0.19333333333333333 
6 0.6277777777777778 0.544047619047619 0.05016835016835017 0.07095238095238095 
1 0.6668350168350168 0.7116666666666667 0.21313131313131314 0.30142857142857143 
2 0.4764309764309764 0.729047619047619 0.26801346801346804 0.379047619047619 
2 0.7220538720538721 0.23547619047619048 0.06835016835016836 0.09666666666666666 
0 0.3688552188552189 0.1769047619047619 0.07643097643097643 0.10809523809523809 
10 0.24663299663299662 0.5788095238095238 0.11481481481481481 0.16238095238095238 
6 0.5760942760942761 0.5485714285714286 0.1925925925925926 0.2723809523809524 
1 0.10117845117845117 0.12166666666666667 0.05084175084175084 0.0719047619047619 
8 0.9513468013468014 0.8307142857142857 0.06161616161616162 0.08714285714285715 
