2 0.37424242424242427 0.7559523809523809 0.04141414141414142 0.05857142857142857 
7 0.8338383838383838 0.8102380952380952 0.20572390572390573 0.29095238095238096 
10 0.702020202020202 0.6685714285714286 0.22828282828282828 0.32285714285714284 
6 0.48703703703703705 0.5697619047619048 0.25353535353535356 0.3585714285714286 
4 0.8518518518518519 0.5719047619047619 0.2518518518518518 0.35619047619047617 
0 0.6713804713804714 0.4328571428571429 0.20134680134680136 0.28476190476190477 
4 0.5116161616161616 0.8897619047619048 0.12558922558922558 0.17761904761904762 
8 0.23872053872053872 0.8219047619047619 0.1494949494949495 0.21142857142857144 
3 0.21245791245791246 0.49523809523809526 0.12323232323232323 0.1742857142857143 
9 0.3939393939393939 0.809047619047619 0.24781144781144782 0.3504761904761905 
