10 0.417003367003367 0.7711904761904762 0.2016835016835017 0.28523809523809524 
2 0.346969696969697 0.5116666666666667 0.14309764309764308 0.20238095238095238 
8 0.5456228956228957 0.365952380952381 0.14242424242424243 0.20142857142857143 
7 0.767003367003367 0.5376190476190477 0.2101010101010101 0.29714285714285715 
8 0.6599326599326599 0.77 0.22626262626262628 0.32 
2 0.24191919191919192 0.4064285714285714 0.1531986531986532 0.21666666666666667 
4 0.15622895622895622 0.6085714285714285 0.055218855218855216 0.07809523809523809 
7 0.21363636363636362 0.6564285714285715 0.03468013468013468 0.04904761904761905 
10 0.935016835016835 0.33 0.10235690235690235 0.14476190476190476 
0 0.8181818181818182 0.8333333333333334 0.22895622895622897 0.3238095238095238 
