6 0.6313131313131313 0.8223809523809524 0.15016835016835017 0.2123809523809524 
10 0.8131313131313131 0.7228571428571429 0.22895622895622897 0.3238095238095238 
7 0.36936026936026933 0.5366666666666666 0.2047138047138047 0.2895238095238095 
10 0.23754208754208755 0.4878571428571429 0.12760942760942762 0.18047619047619048 
1 0.5075757575757576 0.5959523809523809 0.20707070707070707 0.29285714285714287 
7 0.5787878787878787 0.35619047619047617 0.0962962962962963 0.1361904761904762 
9 0.17020202020202022 0.9526190476190476 0.047474747474747475 0.06714285714285714 
6 0.413973063973064 0.825 0.24276094276094276 0.3433333333333333 
9 0.7904040404040404 0.5330952380952381 0.1511784511784512 0.2138095238095238 
6 0.27895622895622896 0.7311904761904762 0.17205387205387204 0.24333333333333335 
