10 0.7764309764309765 0.15047619047619049 0.05925925925925926 0.0838095238095238 
7 0.6462962962962963 0.36404761904761906 0.12962962962962962 0.18333333333333332 
7 0.3420875420875421 0.6166666666666667 0.08282828282828283 0.11714285714285715 
9 0.6875420875420876 0.590952380952381 0.18787878787878787 0.26571428571428574 
6 0.4616161616161616 0.4961904761904762 0.14882154882154883 0.21047619047619048 
0 0.7873737373737374 0.7902380952380952 0.26430976430976433 0.3738095238095238 
5 0.3436026936026936 0.4088095238095238 0.11885521885521885 0.1680952380952381 
9 0.5991582491582491 0.28404761904761905 0.05218855218855219 0.07380952380952381 
4 0.4166666666666667 0.6945238095238095 0.10673400673400674 0.15095238095238095 
0 0.2265993265993266 0.28285714285714286 0.13131313131313133 0.18571428571428572 
