1 0.8841750841750842 0.6828571428571428 0.048484848484848485 0.06857142857142857 
3 0.6267676767676768 0.3811904761904762 0.16397306397306396 0.2319047619047619 
0 0.6821548821548822 0.6638095238095238 0.21414141414141413 0.3028571428571429 
8 0.20892255892255893 0.8116666666666666 0.132996632996633 0.1880952380952381 
8 0.8973063973063973 0.709047619047619 0.1589225589225589 0.22476190476190477 
3 0.469023569023569 0.6190476190476191 0.048484848484848485 0.06857142857142857 
9 0.928956228956229 0.1823809523809524 0.07272727272727272 0.10285714285714286 
0 0.6220538720538721 0.185 0.07441077441077441 0.10523809523809524 
3 0.4691919191919192 0.6464285714285715 0.23333333333333334 0.33 
5 0.45420875420875423 0.2652380952380952 0.03367003367003367 0.047619047619047616 
