3 0.8055555555555556 0.6773809523809524 0.09057239057239057 0.1280952380952381 
5 0.5984848484848485 0.7278571428571429 0.21986531986531987 0.310952380952381 
4 0.9249158249158249 0.49714285714285716 0.1111111111111111 0.15714285714285714 
1 0.36127946127946126 0.26666666666666666 0.1164983164983165 0.16476190476190475 
5 0.2436026936026936 0.6645238095238095 0.12087542087542087 0.17095238095238094 
4 0.6634680134680134 0.475 0.1787878787878788 0.25285714285714284 
3 0.33181818181818185 0.8526190476190476 0.18956228956228957 0.2680952380952381 
5 0.16683501683501684 0.6426190476190476 0.08855218855218855 0.12523809523809523 
2 0.5053872053872054 0.7228571428571429 0.05454545454545454 0.07714285714285714 
2 0.4764309764309764 0.5052380952380953 0.17777777777777778 0.25142857142857145 
