10 0.42912457912457913 0.3283333333333333 0.15454545454545454 0.21857142857142858 
1 0.7176767676767677 0.7145238095238096 0.23063973063973064 0.3261904761904762 
5 0.3501683501683502 0.5395238095238095 0.20404040404040405 0.2885714285714286 
3 0.9095959595959596 0.4602380952380952 0.1707070707070707 0.24142857142857144 
10 0.552020202020202 0.35023809523809524 0.11885521885521885 0.1680952380952381 
5 0.8136363636363636 0.5630952380952381 0.18417508417508419 0.2604761904761905 
6 0.29713804713804715 0.7164285714285714 0.17003367003367004 0.24047619047619048 
10 0.45505050505050504 0.5026190476190476 0.11616161616161616 0.16428571428571428 
6 0.565993265993266 0.780952380952381 0.2026936026936027 0.2866666666666667 
2 0.8895622895622896 0.7514285714285714 0.18855218855218855 0.26666666666666666 
