6 0.17003367003367004 0.6490476190476191 0.035016835016835016 0.049523809523809526 
2 0.34124579124579124 0.905 0.05218855218855219 0.07380952380952381 
7 0.22171717171717173 0.8983333333333333 0.12693602693602693 0.17952380952380953 
6 0.5016835016835017 0.48857142857142855 0.09696969696969697 0.13714285714285715 
7 0.35353535353535354 0.6061904761904762 0.09023569023569024 0.12761904761904763 
2 0.7188552188552189 0.8238095238095238 0.10235690235690235 0.14476190476190476 
8 0.4503367003367003 0.37023809523809526 0.0771043771043771 0.10904761904761905 
7 0.9464646464646465 0.7023809523809523 0.05387205387205387 0.0761904761904762 
1 0.9067340067340067 0.7628571428571429 0.06060606060606061 0.08571428571428572 
7 0.901010101010101 0.8695238095238095 0.03771043771043771 0.05333333333333334 
