5 0.544949494949495 0.7564285714285715 0.168013468013468 0.23761904761904762 
7 0.3574074074074074 0.6002380952380952 0.23535353535353534 0.33285714285714285 
5 0.6821548821548822 0.7023809523809523 0.16296296296296298 0.23047619047619047 
0 0.3843434343434343 0.295 0.060942760942760944 0.08619047619047619 
5 0.868013468013468 0.8 0.24377104377104378 0.34476190476190477 
7 0.8398989898989899 0.5469047619047619 0.25353535353535356 0.3585714285714286 
1 0.3957912457912458 0.435 0.12424242424242424 0.1757142857142857 
0 0.1739057239057239 0.2930952380952381 0.09326599326599326 0.1319047619047619 
0 0.6614478114478114 0.4473809523809524 0.18888888888888888 0.2671428571428571 
10 0.4176767676767677 0.8535714285714285 0.17676767676767677 0.25 
