6 0.7244107744107744 0.5883333333333334 0.26835016835016834 0.37952380952380954 
2 0.6154882154882155 0.78 0.24377104377104378 0.34476190476190477 
2 0.3373737373737374 0.35428571428571426 0.15084175084175083 0.21333333333333335 
3 0.5446127946127947 0.27976190476190477 0.08114478114478114 0.11476190476190476 
0 0.4254208754208754 0.6464285714285715 0.267003367003367 0.37761904761904763 
4 0.6265993265993266 0.21333333333333335 0.03838383838383838 0.054285714285714284 
7 0.8146464646464646 0.3645238095238095 0.168013468013468 0.23761904761904762 
3 0.5284511784511785 0.555 0.07845117845117845 0.11095238095238096 
4 0.8471380471380472 0.7557142857142857 0.2228956228956229 0.31523809523809526 
0 0.9491582491582492 0.20666666666666667 0.039057239057239054 0.05523809523809524 
