1 0.689057239057239 0.5230952380952381 0.12626262626262627 0.17857142857142858 
1 0.49646464646464644 0.7597619047619047 0.20505050505050504 0.29 
9 0.6942760942760943 0.6823809523809524 0.08080808080808081 0.11428571428571428 
2 0.796969696969697 0.6028571428571429 0.2202020202020202 0.31142857142857144 
1 0.3424242424242424 0.38904761904761903 0.1595959595959596 0.2257142857142857 
3 0.5915824915824915 0.22476190476190477 0.055218855218855216 0.07809523809523809 
9 0.5176767676767676 0.24738095238095237 0.08249158249158249 0.11666666666666667 
1 0.553030303030303 0.5226190476190476 0.22323232323232323 0.3157142857142857 
7 0.7075757575757575 0.8002380952380952 0.25757575757575757 0.36428571428571427 
0 0.5220538720538721 0.8716666666666667 0.08451178451178451 0.11952380952380952 
