3 0.717003367003367 0.6007142857142858 0.15454545454545454 0.21857142857142858 
4 0.07626262626262627 0.955 0.040067340067340064 0.056666666666666664 
4 0.5063973063973064 0.5019047619047619 0.17643097643097644 0.24952380952380954 
3 0.7904040404040404 0.9173809523809524 0.08855218855218855 0.12523809523809523 
9 0.4265993265993266 0.7214285714285714 0.235016835016835 0.3323809523809524 
0 0.8956228956228957 0.39380952380952383 0.07811447811447811 0.11047619047619048 
1 0.6796296296296296 0.8254761904761905 0.22255892255892257 0.31476190476190474 
9 0.8590909090909091 0.6416666666666667 0.26430976430976433 0.3738095238095238 
6 0.2590909090909091 0.5716666666666667 0.16936026936026935 0.23952380952380953 
10 0.24444444444444444 0.7576190476190476 0.04915824915824916 0.06952380952380953 
