0 0.678956228956229 0.6064285714285714 0.20033670033670034 0.2833333333333333 
3 0.3264309764309764 0.6416666666666667 0.16936026936026935 0.23952380952380953 
7 0.8250841750841751 0.7811904761904762 0.16127946127946127 0.2280952380952381 
4 0.4973063973063973 0.7042857142857143 0.20606060606060606 0.2914285714285714 
8 0.16902356902356902 0.6738095238095239 0.10101010101010101 0.14285714285714285 
5 0.8511784511784511 0.5819047619047619 0.26531986531986534 0.37523809523809526 
1 0.22895622895622897 0.8276190476190476 0.11851851851851852 0.1676190476190476 
0 0.42693602693602695 0.4580952380952381 0.11986531986531987 0.16952380952380952 
9 0.4398989898989899 0.26071428571428573 0.11548821548821549 0.16333333333333333 
4 0.5272727272727272 0.46476190476190476 0.21481481481481482 0.3038095238095238 
