4 0.8505050505050505 0.6914285714285714 0.07138047138047138 0.10095238095238095 
7 0.3984848484848485 0.5921428571428572 0.23265993265993265 0.32904761904761903 
6 0.2505050505050505 0.7014285714285714 0.10707070707070707 0.15142857142857144 
0 0.6095959595959596 0.5573809523809524 0.15791245791245792 0.22333333333333333 
8 0.2835016835016835 0.23142857142857143 0.09696969696969697 0.13714285714285715 
0 0.7587542087542087 0.5411904761904762 0.15723905723905723 0.22238095238095237 
4 0.5702020202020202 0.794047619047619 0.1175084175084175 0.1661904761904762 
4 0.8151515151515152 0.3319047619047619 0.10841750841750841 0.15333333333333332 
10 0.42104377104377105 0.8554761904761905 0.17609427609427608 0.24904761904761905 
2 0.7875420875420875 0.7790476190476191 0.20202020202020202 0.2857142857142857 
