0 0.8409090909090909 0.4869047619047619 0.056228956228956226 0.07952380952380952 
0 0.6503367003367003 0.3792857142857143 0.12962962962962962 0.18333333333333332 
10 0.6070707070707071 0.8909523809523809 0.09898989898989899 0.14 
2 0.5336700336700336 0.6652380952380952 0.21952861952861952 0.31047619047619046 
8 0.30404040404040406 0.8628571428571429 0.18383838383838383 0.26 
6 0.7178451178451178 0.6147619047619047 0.2545454545454545 0.36 
4 0.8538720538720539 0.829047619047619 0.22828282828282828 0.32285714285714284 
6 0.9395622895622896 0.6307142857142857 0.11548821548821549 0.16333333333333333 
7 0.47929292929292927 0.4145238095238095 0.05757575757575758 0.08142857142857143 
9 0.5762626262626263 0.4045238095238095 0.07575757575757576 0.10714285714285714 
